0 0 0
-0.0217892 0.010884 0.999703
0.0287494 -0.00906214 1.85731
-0.015884 -0.0045777 2.71658
-0.0526943 -0.0246567 3.57499
-0.0897639 -0.0435089 4.43442
-0.120914 -0.0490434 5.29323
-0.11616 -0.0623131 6.15365
-0.159593 -0.0624301 7.012
-0.212251 -0.0624547 7.87069
-0.238213 -0.0738888 8.73082
-0.307326 -0.0818918 9.58714
-0.356158 -0.089863 10.4461
-0.381282 -0.0823138 11.3061
-0.410258 -0.0718042 12.1651
-0.447956 -0.0702727 13.0202
-0.501051 -0.0877482 13.882
-0.554342 -0.0940915 14.7511
-0.620856 -0.112904 15.63
-0.673505 -0.130318 16.5202
-0.721347 -0.148604 17.4205
-0.755314 -0.201848 18.3244
-0.827626 -0.185394 19.2345
-0.91471 -0.199012 20.1453
-0.976628 -0.206949 21.0617
-1.0597 -0.213358 21.9866
-1.14634 -0.217982 22.9188
-1.21638 -0.199761 23.8533
-1.29388 -0.155353 24.7931
-1.3777 -0.166574 25.7362
-1.43978 -0.176551 26.6835
-1.5061 -0.197357 27.6343
-1.58328 -0.209904 28.5911
-1.62621 -0.213722 29.56
-1.67687 -0.225705 30.5357
-1.72286 -0.237668 31.5154
-1.78555 -0.247457 32.4939
-1.84495 -0.255937 33.4726
-1.91449 -0.248608 34.456
-1.96898 -0.267226 35.4677
-2.04511 -0.300484 36.5249
-2.11493 -0.314479 37.5671
-2.2026 -0.337118 38.6097
-2.30547 -0.329807 39.6396
-2.38998 -0.345421 40.6739
-2.49206 -0.3613 41.6945
-2.53206 -0.347161 42.7185
-2.57763 -0.366509 43.7298
-2.69661 -0.383553 44.7305
-2.74689 -0.385403 45.7329
-2.81774 -0.396679 46.732
-2.91109 -0.407196 47.7252
-3.06184 -0.418952 48.7026
-3.12469 -0.44361 49.6809
-3.18675 -0.460218 50.6632
-3.28562 -0.471685 51.6418
-3.3471 -0.489924 52.6188
-3.40857 -0.497275 53.5894
-3.48032 -0.506163 54.5521
-3.55751 -0.525609 55.5147
-3.63591 -0.52931 56.4725
-3.7416 -0.532793 57.431
-3.87652 -0.530586 58.3856
-4.00366 -0.541848 59.3313
-4.12269 -0.558562 60.2673
-4.22935 -0.556044 61.1885
-4.28782 -0.587625 62.1036
-4.38704 -0.600227 63.0119
-4.49363 -0.622489 63.9069
-4.61241 -0.626091 64.7849
-4.68842 -0.631055 65.6534
-4.77865 -0.625916 66.5067
-4.86912 -0.654762 67.3475
-4.92945 -0.67406 68.1768
-4.99295 -0.677581 68.994
-5.08648 -0.695075 69.7959
-5.15373 -0.718195 70.5898
-5.24072 -0.735931 71.3641
-5.33074 -0.743904 72.1153
-5.42086 -0.782681 72.8427
-5.55033 -0.787677 73.5469
-5.63176 -0.799013 74.2403
-5.77728 -0.807678 74.9046
-5.85956 -0.822889 75.5591
-5.96717 -0.787439 76.1828
-6.03182 -0.802068 76.7934
-6.14033 -0.797304 77.3802
-6.10902 -0.827632 77.963
-6.1555 -0.839209 78.5336
-6.20882 -0.830257 79.088
-6.24901 -0.84343 79.6304
-6.29186 -0.852343 80.1606
-6.31016 -0.874584 80.6724
-6.28833 -0.878664 81.1739
-6.29885 -0.888959 81.6618
-6.24095 -0.889076 82.1329
-6.21002 -0.899056 82.592
-6.17332 -0.90313 83.0456
-6.12154 -0.913501 83.4926
-6.05653 -0.91572 83.9255
-5.96666 -0.921774 84.3548
-5.84724 -0.929921 84.7698
-5.74427 -0.939027 85.1698
-5.57185 -0.92872 85.549
-5.3998 -0.930499 85.9067
-5.19591 -0.93425 86.2545
-4.98192 -0.936688 86.5888
-4.73045 -0.961804 86.8706
-4.48268 -0.971998 87.1681
-4.21795 -0.971679 87.4317
-3.97479 -0.971193 87.7343
-3.66247 -0.971149 87.9569
-3.33938 -0.977678 88.1492
-3.01972 -0.988034 88.355
-2.68396 -0.989991 88.5128
-2.32497 -1.02456 88.6334
-1.97266 -1.03205 88.7786
-1.61408 -1.02118 88.8928
-1.23403 -1.01427 88.9727
-0.861183 -1.00845 89.0709
-0.487233 -1.00441 89.1652
-0.111427 -1.0191 89.263
0.275305 -1.03312 89.3352
0.676925 -1.03727 89.3803
1.08772 -1.047 89.3995
1.50981 -1.04123 89.4409
1.9367 -1.0276 89.487
2.38295 -1.02158 89.5475
2.84927 -1.02892 89.5912
3.32255 -1.03474 89.6367
3.80935 -1.03494 89.6686
4.30668 -1.01486 89.6911
4.82134 -1.0266 89.7093
5.35134 -1.02265 89.7349
5.89642 -1.00714 89.7675
6.46009 -0.994657 89.7877
7.04429 -0.987519 89.7928
7.647 -0.9631 89.7795
8.26636 -0.955761 89.7934
8.90529 -0.928125 89.8141
9.55989 -0.913255 89.8328
10.2337 -0.897151 89.8363
10.919 -0.875524 89.8702
11.6257 -0.855244 89.8989
12.3479 -0.817788 89.9163
13.0859 -0.788437 89.9517
13.8448 -0.764611 89.9646
14.613 -0.723951 90.0308
15.3983 -0.673174 90.0741
16.1853 -0.644817 90.1869
16.9871 -0.633437 90.2393
17.7904 -0.630093 90.2993
18.5984 -0.642812 90.3634
19.4117 -0.631635 90.4261
20.226 -0.605206 90.5187
21.0413 -0.584476 90.609
21.8564 -0.566694 90.6876
22.6721 -0.561972 90.7655
23.4885 -0.588291 90.7979
24.3001 -0.576281 90.8611
25.1117 -0.54961 90.8939
25.9213 -0.552475 90.9736
26.7304 -0.540736 91.0393
27.5425 -0.548564 91.0904
28.3551 -0.5693 91.1139
29.1624 -0.581822 91.1434
29.9647 -0.597589 91.1553
30.7655 -0.59173 91.1979
31.5636 -0.582082 91.1946
32.3564 -0.579932 91.1937
33.1487 -0.579851 91.1749
33.9339 -0.600883 91.1201
34.7135 -0.611685 91.0881
35.4871 -0.625083 91.0223
36.2529 -0.648017 90.948
37.0117 -0.648466 90.8792
37.7628 -0.659128 90.804
38.5087 -0.673398 90.7576
39.2462 -0.681512 90.691
39.9636 -0.704538 90.5426
40.6847 -0.709779 90.4777
41.3983 -0.723017 90.3966
42.0967 -0.726393 90.2923
42.7832 -0.75608 90.2186
43.4563 -0.771814 90.1403
44.1132 -0.789203 90.0806
44.7515 -0.79162 89.9997
45.3745 -0.789211 90.0395
45.9761 -0.806645 89.9775
46.5589 -0.817433 89.9274
47.1222 -0.841381 89.9009
47.6654 -0.857052 89.8806
48.2005 -0.871334 89.8594
48.7286 -0.872378 89.8673
49.2525 -0.873002 89.8574
49.7759 -0.879165 89.8993
50.2888 -0.880857 89.9971
50.7932 -0.880163 90.0964
51.2918 -0.879498 90.2216
51.7964 -0.892021 90.3314
52.2555 -0.899316 90.5225
52.6812 -0.90396 90.7833
53.1346 -0.919233 90.9789
53.5499 -0.929821 91.1896
53.9148 -0.929561 91.5016
54.2641 -0.937119 91.7944
54.5981 -0.926061 92.1354
54.9232 -0.927573 92.4834
55.201 -0.925065 92.8404
55.4829 -0.923085 93.2258
55.7577 -0.939975 93.6165
55.9808 -0.936866 94.0154
56.1854 -0.948503 94.4509
56.3718 -0.959054 94.8955
56.5352 -0.969892 95.3361
56.6543 -0.965627 95.8123
56.7784 -0.967702 96.2753
56.9112 -0.958133 96.7486
57.0419 -0.95711 97.2233
57.1779 -0.95924 97.7004
57.2992 -0.961865 98.193
57.3897 -0.962243 98.7033
57.4922 -0.967686 99.2188
57.588 -0.974734 99.7462
57.7062 -0.992742 100.279
57.8439 -0.994976 100.818
58.0105 -0.997241 101.357
58.1289 -0.990761 101.922
58.2666 -1.00002 102.503
58.4102 -1.0097 103.095
58.5619 -1.0191 103.699
58.7854 -1.01425 104.292
58.9608 -1.02587 104.915
59.1426 -1.01914 105.542
59.3198 -1.01616 106.179
59.4887 -1.02466 106.823
59.6354 -1.03791 107.486
59.7986 -1.04759 108.159
59.9711 -1.0629 108.852
60.1327 -1.06923 109.563
60.3263 -1.09371 110.277
60.4743 -1.11139 111.005
60.6424 -1.11299 111.735
60.797 -1.10166 112.48
60.9763 -1.10597 113.233
61.1612 -1.11855 114
61.3455 -1.12432 114.777
61.5311 -1.14614 115.567
61.7076 -1.15704 116.378
61.9133 -1.15062 117.184
62.1047 -1.14675 118.002
62.2939 -1.16455 118.819
62.4888 -1.18124 119.64
62.6488 -1.19898 120.474
62.8227 -1.23562 121.312
62.9706 -1.26745 122.16
63.1709 -1.29498 122.997
63.3963 -1.29357 123.831
63.615 -1.30791 124.684
63.8326 -1.31279 125.529
64.0549 -1.3123 126.372
64.2422 -1.32564 127.226
64.4256 -1.34138 128.081
64.6396 -1.36592 128.924
64.833 -1.38066 129.748
65.0354 -1.39745 130.561
65.2513 -1.41684 131.371
65.4751 -1.41425 132.195
65.6671 -1.44281 133.043
65.884 -1.45897 133.876
66.0481 -1.46565 134.693
66.2327 -1.45572 135.492
66.4356 -1.43728 136.29
66.6386 -1.43154 137.094
66.8552 -1.46598 137.898
67.0451 -1.46862 138.698
67.2085 -1.47436 139.499
67.4002 -1.4734 140.309
67.5475 -1.48978 141.097
67.7076 -1.50342 141.902
67.8882 -1.51423 142.701
68.0593 -1.52629 143.497
68.2267 -1.54153 144.289
68.3854 -1.55745 145.076
68.5397 -1.56133 145.872
68.6772 -1.57975 146.676
68.8179 -1.58736 147.483
68.9653 -1.59262 148.287
69.1051 -1.61231 149.086
69.2093 -1.60008 149.881
69.3433 -1.58629 150.667
69.493 -1.57382 151.458
69.6094 -1.5865 152.266
69.7314 -1.60087 153.079
69.8559 -1.61196 153.887
69.9531 -1.62229 154.694
70.0397 -1.63412 155.505
70.0881 -1.63586 156.327
70.1706 -1.65163 157.151
70.2473 -1.65514 157.978
70.3234 -1.635 158.8
70.3787 -1.63831 159.622
70.437 -1.64254 160.444
70.4691 -1.6588 161.263
70.5117 -1.67386 162.081
70.5929 -1.6698 162.895
70.6471 -1.67032 163.728
70.6841 -1.68486 164.568
70.7051 -1.70483 165.403
70.7599 -1.72817 166.225
70.7959 -1.71688 167.04
70.8507 -1.71603 167.856
70.8579 -1.71369 168.684
70.849 -1.71838 169.519
70.8605 -1.74049 170.355
70.846 -1.73463 171.196
70.8325 -1.75169 172.039
70.8127 -1.75002 172.876
70.8142 -1.76917 173.705
70.8098 -1.77641 174.537
70.7866 -1.80153 175.389
70.7481 -1.80923 176.249
70.7238 -1.82679 177.105
70.6996 -1.83462 177.95
70.6305 -1.82568 178.785
70.5815 -1.84967 179.623
70.5607 -1.85082 180.47
70.5401 -1.86416 181.329
70.5019 -1.89088 182.19
70.4725 -1.91325 183.054
70.4165 -1.93285 183.909
70.3859 -1.93735 184.758
70.3435 -1.95972 185.603
70.2877 -1.95571 186.45
70.2197 -1.97963 187.309
70.2079 -1.98843 188.174
70.1556 -2.01129 189.023
70.0928 -2.03942 189.86
70.0279 -2.05681 190.695
69.9416 -2.06766 191.531
69.9145 -2.07866 192.374
69.8642 -2.09959 193.212
69.7949 -2.1237 194.046
69.7385 -2.15148 194.878
69.6963 -2.16807 195.703
69.6387 -2.18089 196.516
69.5765 -2.19959 197.329
69.5142 -2.21697 198.033
69.464 -2.23881 198.74
69.4294 -2.24701 199.447
69.3699 -2.26886 200.152
69.2898 -2.27537 200.855
69.2395 -2.30459 201.56
69.1846 -2.33582 202.265
69.1355 -2.35278 202.972
69.0811 -2.38287 203.676
69.0526 -2.41631 204.383
69.0273 -2.46296 205.089
69.0278 -2.48895 205.795
68.9626 -2.49502 206.5
68.9242 -2.5176 207.206
68.8674 -2.51171 207.912
68.868 -2.54121 208.624
68.8695 -2.57166 209.272
68.8825 -2.5889 209.92
68.9934 -2.62255 210.557
68.9971 -2.64136 211.193
69.0333 -2.66569 211.831
69.0021 -2.68912 212.466
68.9828 -2.69745 213.111
68.9977 -2.70868 213.76
69.0367 -2.72512 214.416
69.0099 -2.73722 215.066
68.9988 -2.75681 215.717
69.0111 -2.76875 216.37
69.0275 -2.784 217.031
69.0065 -2.80665 217.707
69.0061 -2.82217 218.393
69.0044 -2.83489 219.085
68.9897 -2.83675 219.778
68.9819 -2.83427 220.461
68.9474 -2.84162 221.131
68.9451 -2.83474 221.785
68.9517 -2.83815 222.44
68.954 -2.82236 223.121
68.9561 -2.81869 223.808
68.9458 -2.83012 224.489
68.9293 -2.83847 225.171
68.9169 -2.83993 225.846
68.9068 -2.84282 226.532
68.8909 -2.84842 227.218
68.8614 -2.86904 227.908
68.8425 -2.8689 228.592
68.8339 -2.87291 229.274
68.8157 -2.88651 229.945
68.779 -2.89121 230.611
68.7597 -2.89955 231.273
68.7206 -2.90319 231.931
68.7046 -2.93433 232.588
68.6789 -2.96332 233.236
68.6762 -2.99375 233.858
68.659 -2.99814 234.468
68.6331 -2.99759 235.066
68.6308 -3.0019 235.636
68.5993 -3.00147 236.184
68.5689 -3.00792 236.714
68.5143 -3.01877 237.234
68.4632 -3.01548 237.748
68.39 -3.02212 238.252
68.3144 -3.04358 238.758
68.2194 -3.05093 239.257
68.0837 -3.06151 239.729
67.9347 -3.06268 240.198
67.819 -3.08505 240.649
67.6733 -3.06423 241.104
67.4808 -3.09006 241.539
67.2477 -3.09563 241.922
67.0162 -3.11203 242.32
66.8344 -3.1025 242.738
66.5598 -3.12694 243.063
66.2532 -3.12457 243.38
65.9309 -3.12573 243.684
65.6041 -3.10988 243.956
65.2191 -3.09616 244.162
64.8506 -3.08734 244.381
64.4956 -3.08673 244.586
64.1273 -3.07459 244.78
63.7599 -3.05234 244.963
63.3851 -3.03276 245.106
62.9987 -3.01027 245.246
62.5914 -2.97996 245.353
62.1652 -2.93828 245.442
61.7207 -2.91071 245.511
61.2586 -2.89526 245.569
60.7906 -2.86672 245.605
60.3083 -2.83767 245.617
59.8125 -2.79948 245.646
59.3122 -2.76861 245.623
58.8 -2.72224 245.652
58.2762 -2.67141 245.665
57.7415 -2.64104 245.622
57.1913 -2.60862 245.598
56.6297 -2.57259 245.541
56.0547 -2.53808 245.472
55.4604 -2.50081 245.419
54.8469 -2.44861 245.395
54.2156 -2.39197 245.37
53.5632 -2.33996 245.333
52.8912 -2.30256 245.295
52.209 -2.25466 245.24
51.5204 -2.20118 245.185
50.8114 -2.13837 245.152
50.0719 -2.07838 245.135
49.3145 -2.02917 245.104
48.5306 -1.96687 245.053
47.7315 -1.90439 245.048
46.9233 -1.84008 245
46.0928 -1.77839 244.934
45.2505 -1.71359 244.934
44.3849 -1.66149 244.886
43.5197 -1.60769 244.878
42.6513 -1.56405 244.848
41.7906 -1.53025 244.809
40.9296 -1.49687 244.753
40.0641 -1.44342 244.703
39.1865 -1.41007 244.675
38.3185 -1.38143 244.618
37.4489 -1.33832 244.575
36.5789 -1.31024 244.493
35.7054 -1.30312 244.415
34.8394 -1.26656 244.352
33.9712 -1.2422 244.268
33.1042 -1.2233 244.2
32.2245 -1.21901 244.074
31.3564 -1.18969 243.999
30.4797 -1.15258 243.903
29.6107 -1.11579 243.809
28.744 -1.08298 243.746
27.8802 -1.06212 243.691
27.0249 -1.02665 243.574
26.1644 -0.990263 243.556
25.3163 -0.966247 243.493
24.4659 -0.926669 243.447
23.628 -0.907658 243.385
22.7875 -0.880481 243.308
21.954 -0.870078 243.274
21.1188 -0.870546 243.211
20.2931 -0.851826 243.126
19.4678 -0.849397 243.072
18.6509 -0.862096 242.999
17.8417 -0.843384 242.934
17.0373 -0.83551 242.836
16.2349 -0.813201 242.752
15.4294 -0.82022 242.661
14.63 -0.802801 242.582
13.8303 -0.782682 242.521
13.0371 -0.755979 242.448
12.2529 -0.756359 242.354
11.4742 -0.737115 242.256
10.7027 -0.718956 242.179
9.94805 -0.67509 242.053
9.19765 -0.647151 241.971
8.45559 -0.623714 241.889
7.73119 -0.584534 241.798
7.01982 -0.536178 241.754
6.32744 -0.515284 241.66
5.64595 -0.479743 241.601
4.98174 -0.4487 241.512
4.32779 -0.410121 241.448
3.69079 -0.367949 241.414
3.06557 -0.331173 241.375
2.46305 -0.310163 241.275
1.86624 -0.272766 241.243
1.28541 -0.234665 241.198
0.721473 -0.199853 241.144
0.174954 -0.170199 241.11
-0.352774 -0.133991 241.097
-0.867051 -0.104282 241.099
-1.36021 -0.0879225 241.051
-1.8373 -0.0476991 241.09
-2.30026 -0.0352206 241.096
-2.74781 -0.00825508 241.054
-3.17503 0.0324997 241.083
-3.58721 0.0525166 241.073
-3.98298 0.0782786 241.042
-4.36026 0.0923683 241.025
-4.71807 0.116231 241.012
-5.06259 0.127536 241.013
-5.38642 0.152965 241.01
-5.68698 0.17064 241.016
-5.96519 0.186962 241.04
-6.21787 0.18649 241.041
-6.44306 0.207883 241.071
-6.63721 0.216813 241.082
-6.80176 0.226487 241.038
-6.94975 0.230031 241.038
-7.06933 0.237606 241.038
-7.06933 0.237606 241.038
-7.06933 0.237606 241.038
-7.06933 0.237606 241.038
-7.06933 0.237606 241.038
-7.06933 0.237606 241.038
-7.06933 0.237606 241.038
-7.06933 0.237606 241.038
-7.06933 0.237606 241.038
-7.06933 0.237606 241.038
-7.06933 0.237606 241.038
-7.06933 0.237606 241.038
-7.06933 0.237606 241.038
-7.06933 0.237606 241.038
-7.06933 0.237606 241.038
-7.06933 0.237606 241.038
-7.06933 0.237606 241.038
-7.06933 0.237606 241.038
-7.06933 0.237606 241.038
-7.06933 0.237606 241.038
-7.06933 0.237606 241.038
-7.06933 0.237606 241.038
-7.06933 0.237606 241.038
-7.06933 0.237606 241.038
-7.06933 0.237606 241.038
-7.06933 0.237606 241.038
-7.06933 0.237606 241.038
-7.18554 0.243598 241.066
-7.32367 0.252075 241.081
-7.47964 0.258591 241.106
-7.30163 0.265971 241.1
-7.495 0.279402 241.119
-7.69438 0.304828 241.178
-7.91314 0.314313 241.225
-8.15235 0.317212 241.258
-8.40528 0.327892 241.274
-8.6603 0.349047 241.319
-8.91208 0.337424 241.406
-9.17609 0.347872 241.506
-9.44337 0.35455 241.628
-9.70785 0.363515 241.762
-9.97922 0.382103 241.928
-10.2462 0.381719 242.102
-10.5377 0.367164 242.276
-10.814 0.381845 242.487
-11.0269 0.388787 242.751
-11.3046 0.412166 242.988
-11.553 0.422641 243.271
-11.8098 0.449219 243.509
-12.0187 0.466094 243.841
-12.2293 0.4862 244.14
-12.4297 0.518473 244.513
-12.6563 0.548903 244.892
-12.807 0.572721 245.276
-13.0032 0.611439 245.707
-13.1841 0.603501 246.158
-13.3236 0.624985 246.601
-13.4415 0.652245 247.096
-13.592 0.680583 247.579
-13.7216 0.69029 248.116
-13.8758 0.749933 248.664
-14.0012 0.764403 249.222
-14.0686 0.770475 249.831
-14.1247 0.775877 250.437
-14.1348 0.796845 251.068
-14.1923 0.809286 251.718
-14.2235 0.826146 252.385
-14.3011 0.832022 253.062
-14.3432 0.849506 253.759
-14.404 0.866727 254.47
-14.4132 0.88781 255.198
-14.5169 0.914352 255.937
-14.5537 0.929202 256.701
-14.6109 0.95834 257.482
-14.3546 1.01551 258.232
-14.503 1.00152 259.027
-14.5944 0.993584 259.845
-14.679 1.00671 260.672
-14.7421 1.02603 261.52
-14.867 1.04751 262.375
-14.8755 1.05468 263.26
-14.9585 1.07005 264.151
-15.0168 1.07594 265.056
-15.1481 1.10137 265.958
-15.1935 1.10217 266.877
-15.2336 1.1546 267.807
-15.3447 1.15478 268.745
-15.4617 1.17848 269.702
-15.5754 1.18561 270.67
-15.6989 1.18614 271.651
-15.8206 1.21966 272.648
-15.9845 1.21356 273.644
-16.0681 1.2395 274.649
-16.1432 1.25068 275.66
-16.256 1.29703 276.674
-16.3694 1.3587 277.699
-16.5023 1.36486 278.729
-16.5275 1.38425 279.778
-16.6256 1.40645 280.827
-16.7459 1.43685 281.872
-16.8636 1.46039 282.915
-17.0261 1.45951 283.955
-17.1186 1.46186 285.011
-17.2126 1.4622 286.072
-17.3253 1.46382 287.134
-17.4249 1.46156 288.196
-17.5351 1.47579 289.252
-17.6467 1.49132 290.303
-17.8002 1.53588 291.341
-17.9122 1.55179 292.381
-18.0456 1.55276 293.413
-18.1336 1.57505 294.449
-18.1763 1.58702 295.485
-18.2569 1.60199 296.519
-18.3744 1.61514 297.546
-18.473 1.64141 298.57
-18.6007 1.64887 299.59
-18.7229 1.66883 300.61
-18.8438 1.66733 301.634
-19.0014 1.6676 302.652
-19.1122 1.67431 303.667
-19.2379 1.68612 304.681
-19.3784 1.68176 305.695
-19.4103 1.66242 306.717
-19.4789 1.70309 307.738
-19.6201 1.7085 308.751
-19.7413 1.70036 309.776
-19.8694 1.70755 310.798
-19.942 1.68291 311.828
-20.0649 1.68371 312.857
-20.1999 1.71154 313.887
-20.2762 1.72717 314.931
-20.3797 1.74315 315.975
-20.4842 1.75114 317.024
-20.5526 1.78553 318.083
-20.6665 1.79124 319.141
-20.7647 1.80206 320.199
-20.8904 1.81547 321.266
-21.0285 1.83726 322.339
-21.1309 1.8348 323.418
-21.2399 1.85317 324.499
-21.3222 1.89529 325.579
-21.4272 1.91865 326.658
-21.5254 1.95151 327.731
-21.635 1.98132 328.799
-21.771 1.97634 329.862
-21.8871 1.98302 330.926
-21.9841 1.99498 331.992
-22.0921 2.01603 333.06
-22.1919 2.02261 334.128
-22.3022 2.04584 335.191
-22.432 2.0546 336.241
-22.548 2.07554 337.288
-22.6635 2.08639 338.334
-22.7399 2.0887 339.37
-22.8211 2.11556 340.398
-22.8907 2.12586 341.415
-23.0044 2.13757 342.421
-23.1292 2.14983 343.415
-23.231 2.16113 344.404
-23.3367 2.17742 345.385
-23.449 2.19026 346.356
-23.5238 2.21158 347.316
-23.6301 2.2133 348.263
-23.7507 2.20812 349.198
-23.8744 2.23951 350.12
-23.9312 2.23632 351.037
-24.0601 2.2338 351.926
-24.1635 2.23666 352.804
-24.2686 2.24461 353.669
-24.3773 2.23541 354.514
-24.4623 2.24775 355.345
-24.5304 2.25214 356.154
-24.6197 2.25566 356.938
-24.7349 2.26331 357.705
-24.8136 2.26235 358.447
-24.8881 2.26772 359.167
-24.9555 2.28838 359.861
-24.9633 2.31187 360.53
-25.0894 2.2961 361.164
-25.1339 2.35402 361.786
-25.0752 2.35561 362.39
-25.1549 2.31381 362.972
-25.2131 2.32352 363.533
-25.2714 2.32474 364.072
-25.3104 2.31624 364.582
-25.3456 2.31454 365.072
-25.418 2.30842 365.539
-25.4931 2.33618 365.993
-25.5697 2.34196 366.437
-25.6542 2.3374 366.868
-25.7542 2.33062 367.302
-25.8628 2.33461 367.734
-25.9784 2.33994 368.146
-26.0904 2.36815 368.574
-26.2312 2.3647 368.996
-26.417 2.37384 369.36
-26.6147 2.36931 369.748
-26.8207 2.37579 370.135
-27.0433 2.38729 370.458
-27.2765 2.39555 370.825
-27.563 2.40162 371.167
-27.8216 2.41868 371.479
-28.1545 2.40944 371.808
-28.4678 2.44445 372.165
-28.8542 2.46609 372.359
-29.2478 2.44929 372.656
-29.6512 2.4727 372.867
-30.074 2.51386 373.133
-30.5359 2.55879 373.342
-30.9888 2.58406 373.49
-31.4948 2.58456 373.6
-32.0027 2.59955 373.712
-32.5077 2.61531 373.789
-33.0499 2.63944 373.846
-33.6071 2.66549 373.807
-34.1693 2.65713 373.752
-34.7406 2.67826 373.717
-35.3206 2.72986 373.678
-35.9121 2.78635 373.579
-36.5133 2.85953 373.487
-37.1245 2.90814 373.402
-37.7339 2.97836 373.314
-38.3411 3.0433 373.196
-38.956 3.12813 373.072
-39.5987 3.18528 372.977
-40.2581 3.26805 372.879
-40.9291 3.33484 372.758
-41.6091 3.39985 372.653
-42.3015 3.46811 372.555
-42.9996 3.54548 372.427
-43.7147 3.62735 372.332
-44.4327 3.70897 372.172
-45.1741 3.79223 372.059
-45.9337 3.89346 371.937
-46.717 3.98186 371.854
-47.5078 4.06787 371.738
-48.3163 4.16614 371.628
-49.1369 4.26867 371.526
-49.9764 4.38635 371.416
-50.8393 4.4851 371.307
-51.712 4.5926 371.21
-52.5936 4.68644 371.092
-53.4838 4.76755 371.005
-54.375 4.86344 370.914
-55.2703 4.96538 370.818
-56.1714 5.06956 370.719
-57.0784 5.17772 370.633
-57.9905 5.2886 370.539
-58.9077 5.38237 370.453
-59.8178 5.48973 370.366
-60.7259 5.57505 370.252
-61.6356 5.67652 370.161
-62.5398 5.76288 370.047
-63.4443 5.85578 369.933
-64.3419 5.9533 369.834
-65.2421 6.02865 369.709
-66.1411 6.1129 369.589
-67.0418 6.21807 369.503
-67.9431 6.30312 369.381
-68.8365 6.39139 369.263
-69.7282 6.47652 369.133
-70.6116 6.59783 369.027
-71.4963 6.69348 368.907
-72.3772 6.79192 368.776
-73.2535 6.90611 368.621
-74.1379 7.01386 368.5
-75.0204 7.10498 368.366
-75.901 7.2105 368.305
-76.7786 7.31765 368.223
-77.651 7.4302 368.088
-78.5268 7.54028 367.982
-79.4027 7.64363 367.876
-80.2744 7.76392 367.797
-81.1441 7.88655 367.698
-82.0104 7.99637 367.631
-82.8766 8.11973 367.605
-83.7395 8.24033 367.544
-84.6004 8.36203 367.532
-85.4586 8.46465 367.482
-86.318 8.56603 367.405
-87.1762 8.66991 367.342
-88.031 8.78005 367.266
-88.8872 8.88773 367.229
-89.7318 8.94899 367.095
-90.5706 9.05676 367.042
-91.3928 9.12998 366.982
-92.1905 9.26341 367.025
-92.9783 9.3585 367.006
-93.744 9.44528 367.005
-94.4904 9.52592 366.975
-95.2157 9.58035 366.926
-95.9189 9.65318 366.896
-96.5964 9.69938 366.808
-97.2459 9.74552 366.719
-97.8728 9.79281 366.645
-98.4826 9.84253 366.59
-99.0723 9.87724 366.526
-99.6642 9.94088 366.478
-100.248 9.98721 366.375
-100.829 10.0204 366.26
-101.412 10.0809 366.21
-101.983 10.132 366.096
-102.558 10.1835 366.04
-103.131 10.2642 366.011
-103.702 10.321 365.932
-104.274 10.3799 365.869
-104.854 10.4298 365.803
-105.435 10.5061 365.729
-106.016 10.5593 365.604
-106.609 10.6172 365.498
-107.208 10.6889 365.395
-107.807 10.7302 365.256
-108.414 10.7886 365.131
-109.013 10.8126 364.932
-109.643 10.8957 364.846
-110.288 10.9661 364.757
-110.947 11.0579 364.68
-111.614 11.1307 364.578
-112.302 11.2009 364.45
-113.004 11.2664 364.325
-113.713 11.3418 364.209
-114.423 11.3873 364.062
-115.14 11.4808 363.956
-115.882 11.5979 363.856
-116.658 11.7183 363.741
-117.461 11.8253 363.655
-118.271 11.905 363.568
-119.077 12.016 363.517
-119.886 12.0935 363.379
-120.714 12.1814 363.236
-121.569 12.3051 363.114
-122.449 12.4104 362.974
-123.343 12.5339 362.895
-124.232 12.654 362.786
-125.136 12.751 362.71
-126.052 12.9051 362.705
-126.984 12.9976 362.526
-127.948 13.1288 362.485
-128.922 13.2236 362.465
-129.888 13.2672 362.324
-130.858 13.3403 362.236
-131.832 13.4779 362.254
-132.817 13.5921 362.224
-133.804 13.7043 362.161
-134.79 13.8174 362.084
-135.781 13.9525 362.092
-136.775 14.044 362.02
-137.766 14.1559 361.96
-138.749 14.2466 361.914
-139.729 14.343 361.848
-140.711 14.4445 361.778
-141.699 14.5373 361.719
-142.684 14.6318 361.625
-143.659 14.7129 361.532
-144.627 14.7855 361.461
-145.59 14.878 361.396
-146.552 14.9592 361.295
-147.512 15.0713 361.23
-148.474 15.1626 361.134
-149.438 15.2711 361.084
-150.398 15.3691 360.996
-151.359 15.4426 360.897
-152.309 15.5214 360.793
-153.253 15.5974 360.699
-154.196 15.6888 360.616
-155.142 15.7761 360.517
-156.093 15.8859 360.465
-157.038 15.9848 360.365
-157.98 16.0747 360.282
-158.92 16.1588 360.192
-159.85 16.2326 360.064
-160.778 16.3101 359.963
-161.705 16.3927 359.869
-162.625 16.4942 359.78
-163.542 16.5853 359.696
-164.453 16.6731 359.6
-165.363 16.7626 359.496
-166.274 16.8587 359.418
-167.187 16.9353 359.36
-168.082 17.021 359.272
-168.965 17.0993 359.169
-169.837 17.1597 359.047
-170.701 17.2089 358.967
-171.546 17.2832 358.868
-172.384 17.3595 358.777
-173.204 17.429 358.673
-173.999 17.5028 358.621
-174.771 17.5742 358.563
-175.525 17.6386 358.498
-176.269 17.7023 358.437
-176.996 17.7637 358.34
-177.692 17.8105 358.249
-178.358 17.8142 358.13
-178.997 17.8379 358.012
-179.622 17.8838 357.922
-180.235 17.9218 357.838
-180.836 17.9612 357.73
-181.417 18 357.606
-181.992 18.042 357.511
-182.539 18.0989 357.377
-183.086 18.1582 357.291
-183.624 18.2006 357.196
-184.14 18.2403 357.041
-184.665 18.2879 356.925
-185.176 18.3157 356.792
-185.681 18.3492 356.621
-186.173 18.3833 356.429
-186.663 18.4226 356.256
-187.137 18.4264 356.038
-187.594 18.4589 355.798
-188.025 18.5043 355.519
-188.432 18.5308 355.213
-188.816 18.5369 354.887
-189.177 18.574 354.506
-189.501 18.599 354.118
-189.84 18.6126 353.744
-190.137 18.6268 353.279
-190.365 18.6417 352.815
-190.587 18.6675 352.286
-190.764 18.7213 351.795
-190.905 18.7409 351.281
-191.06 18.7836 350.701
-191.166 18.818 350.159
-191.256 18.8535 349.601
-191.305 18.8889 348.986
-191.338 18.929 348.397
-191.33 18.9511 347.775
-191.317 18.9929 347.155
-191.299 19.0474 346.52
-191.277 19.0744 345.875
-191.255 19.1167 345.229
-191.216 19.1681 344.571
-191.161 19.2288 343.911
-191.098 19.2964 343.236
-191.021 19.3551 342.543
-190.917 19.4086 341.841
-190.82 19.4704 341.129
-190.679 19.53 340.41
-190.549 19.6086 339.677
-190.445 19.6645 338.926
-190.324 19.7396 338.163
-190.21 19.8123 337.385
-190.087 19.8596 336.59
-189.961 19.9158 335.784
-189.804 19.9778 334.972
-189.689 20.0479 334.15
-189.55 20.1224 333.319
-189.391 20.2024 332.481
-189.245 20.2974 331.625
-189.107 20.3993 330.752
-188.964 20.4684 329.866
-188.796 20.5331 328.974
-188.646 20.6022 328.077
-188.484 20.6706 327.17
-188.323 20.7318 326.261
-188.195 20.7904 325.337
-188.049 20.8542 324.416
-187.901 20.9185 323.492
-187.77 20.9705 322.564
-187.637 21.0121 321.646
-187.511 21.0591 320.728
-187.384 21.1148 319.802
-187.243 21.1687 318.884
-187.13 21.2285 317.95
-186.979 21.2787 317.029
-186.862 21.327 316.1
-186.728 21.3723 315.175
-186.604 21.4239 314.242
-186.472 21.4976 313.312
-186.352 21.5525 312.372
-186.243 21.6114 311.428
-186.117 21.625 310.483
-186.005 21.6728 309.533
-185.911 21.7312 308.586
-185.809 21.7938 307.637
-185.708 21.881 306.682
-185.618 21.9367 305.721
-185.544 21.9551 304.763
-185.43 21.9898 303.817
-185.309 22.0273 302.88
-185.196 22.039 301.938
-185.098 22.1102 300.997
-185.002 22.181 300.051
-184.915 22.2339 299.108
-184.799 22.2855 298.173
-184.69 22.3394 297.242
-184.613 22.3868 296.303
-184.512 22.4379 295.373
-184.419 22.491 294.445
-184.33 22.5297 293.522
-184.229 22.5883 292.604
-184.148 22.655 291.678
-184.07 22.7164 290.75
-183.989 22.7846 289.829
-183.902 22.8423 288.917
-183.778 22.9121 288.008
-183.703 22.9974 287.089
-183.619 23.0553 286.171
-183.527 23.1167 285.26
-183.452 23.1799 284.341
-183.348 23.2448 283.428
-183.239 23.3069 282.499
-183.142 23.3572 281.568
-183.034 23.4014 280.634
-182.934 23.4452 279.704
-182.818 23.5087 278.777
-182.72 23.5799 277.84
-182.621 23.6515 276.891
-182.499 23.7072 275.938
-182.389 23.7624 274.983
-182.302 23.7849 274.024
-182.217 23.8266 273.07
-182.108 23.8842 272.113
-182.052 23.9683 271.142
-181.968 24.0241 270.169
-181.832 24.0728 269.192
-181.725 24.1217 268.225
-181.617 24.1705 267.256
-181.512 24.2421 266.288
-181.397 24.2993 265.314
-181.298 24.3606 264.343
-181.189 24.4178 263.366
-181.063 24.4535 262.391
-180.919 24.4741 261.423
-180.814 24.5242 260.458
-180.676 24.5977 259.493
-180.571 24.653 258.505
-180.487 24.7584 257.521
-180.306 24.8197 256.537
-180.157 24.869 255.564
-180.028 24.9374 254.583
-179.911 25.0105 253.612
-179.779 25.0725 252.635
-179.581 25.1719 251.664
-179.446 25.2946 250.663
-179.309 25.386 249.66
-179.158 25.4469 248.662
-179.003 25.5044 247.675
-178.882 25.562 246.691
-178.776 25.6459 245.709
-178.682 25.713 244.724
-178.551 25.7893 243.748
-178.443 25.8824 242.772
-178.348 25.9755 241.796
-178.26 26.0593 240.817
-178.16 26.1286 239.846
-178.085 26.1937 238.881
-177.982 26.277 237.925
-177.885 26.3597 236.975
-177.8 26.431 236.024
-177.741 26.5198 235.082
-177.651 26.58 234.151
-177.568 26.6333 233.234
-177.464 26.6805 232.336
-177.387 26.7648 231.452
-177.316 26.8649 230.58
-177.234 26.9273 229.718
-177.105 26.9596 228.878
-177.016 27.0255 228.047
-176.935 27.0941 227.217
-176.832 27.1494 226.399
-176.744 27.1969 225.597
-176.667 27.2558 224.812
-176.61 27.3123 224.045
-176.569 27.3687 223.292
-176.511 27.4286 222.561
-176.459 27.4852 221.852
-176.411 27.5309 221.162
-176.374 27.5891 220.494
-176.346 27.6355 219.844
-176.297 27.6701 219.22
-176.251 27.7144 218.616
-176.203 27.7565 218.032
-176.154 27.7987 217.472
-176.117 27.8378 216.931
-176.063 27.8713 216.414
-176.007 27.9009 215.924
-175.954 27.9256 215.458
-175.885 27.9424 215.006
-175.81 27.9669 214.565
-175.723 27.9908 214.132
-175.611 28.014 213.694
-175.491 28.0376 213.28
-175.338 28.0655 212.856
-175.188 28.0839 212.464
-175.016 28.0944 212.087
-174.799 28.116 211.702
-174.594 28.1333 211.347
-174.338 28.1501 211.005
-174.058 28.1743 210.635
-173.773 28.1877 210.321
-173.486 28.2054 209.998
-173.14 28.217 209.653
-172.84 28.258 209.307
-172.478 28.2815 209.011
-172.046 28.2963 208.722
-171.62 28.3327 208.461
-171.157 28.3558 208.226
-170.625 28.3882 207.975
-170.108 28.4249 207.762
-169.543 28.4636 207.569
-168.976 28.5015 207.421
-168.386 28.541 207.296
-167.735 28.5871 207.221
-167.09 28.6112 207.158
-166.428 28.6457 207.099
-165.737 28.6583 207.087
-165.05 28.6537 207.072
-164.346 28.6743 207.088
-163.647 28.7143 207.135
-162.931 28.7537 207.177
-162.206 28.7937 207.203
-161.474 28.8279 207.251
-160.739 28.8684 207.304
-159.994 28.8957 207.332
-159.248 28.9302 207.369
-158.488 28.9757 207.408
-157.713 29.0251 207.476
-156.925 29.0802 207.542
-156.116 29.1218 207.598
-155.308 29.1735 207.641
-154.5 29.2345 207.694
-153.686 29.282 207.765
-152.855 29.3319 207.834
-152.022 29.3888 207.925
-151.185 29.4352 208.023
-150.336 29.4739 208.102
-149.468 29.5411 208.175
-148.592 29.6037 208.261
-147.702 29.6581 208.324
-146.808 29.6912 208.418
-145.919 29.7477 208.505
-145.033 29.8123 208.586
-144.141 29.8729 208.68
-143.245 29.9273 208.782
-142.348 29.9841 208.884
-141.449 30.041 208.981
-140.551 30.1072 209.094
-139.657 30.1737 209.218
-138.764 30.2262 209.344
-137.875 30.3015 209.459
-136.99 30.3586 209.595
-136.101 30.4239 209.732
-135.21 30.4908 209.87
-134.323 30.5332 210.033
-133.442 30.573 210.172
-132.563 30.6141 210.32
-131.679 30.6838 210.43
-130.804 30.7301 210.582
-129.945 30.7716 210.767
-129.082 30.8009 210.885
-128.233 30.8171 211.021
-127.392 30.8419 211.151
-126.557 30.8746 211.245
-125.736 30.8881 211.371
-124.921 30.9022 211.5
-124.124 30.9068 211.603
-123.349 30.9227 211.743
-122.592 30.9339 211.849
-121.852 30.9496 211.969
-121.136 30.9564 212.054
-120.437 30.9486 212.109
-119.76 30.9642 212.173
-119.107 30.9675 212.208
-118.48 30.9761 212.286
-117.859 30.9966 212.328
-117.249 31.012 212.376
-116.644 31.0194 212.418
-116.039 31.0248 212.442
-115.439 31.0342 212.48
-114.84 31.0573 212.524
-114.243 31.0773 212.581
-113.64 31.0989 212.61
-113.041 31.1142 212.602
-112.452 31.1291 212.636
-111.861 31.1447 212.689
-111.272 31.159 212.731
-110.695 31.1676 212.786
-110.121 31.184 212.79
-109.55 31.1841 212.834
-108.99 31.2171 212.899
-108.423 31.2534 212.978
-107.857 31.2956 213.054
-107.293 31.3129 213.134
-106.735 31.3409 213.218
-106.189 31.3585 213.361
-105.644 31.385 213.503
-105.122 31.4002 213.714
-104.599 31.4315 213.921
-104.094 31.4588 214.155
-103.598 31.484 214.393
-103.126 31.496 214.672
-102.672 31.5004 214.976
-102.232 31.5217 215.298
-101.819 31.5352 215.647
-101.427 31.5421 216.007
-101.053 31.5664 216.402
-100.697 31.5809 216.813
-100.358 31.6076 217.228
-100.047 31.6377 217.681
-99.7648 31.6557 218.146
-99.5029 31.6774 218.599
-99.2332 31.7017 219.062
-99.0494 31.7143 219.545
-98.864 31.7425 220.047
-98.6952 31.7679 220.555
-98.5981 31.7793 221.064
-98.3305 31.7905 221.523
-98.2278 31.8191 222.06
-98.1679 31.8471 222.594
-98.0067 31.8653 223.106
-97.9615 31.8966 223.64
-97.8764 31.9351 224.16
-97.8067 31.97 224.679
-97.7137 32.0212 225.177
-97.6366 32.0477 225.693
-97.5518 32.077 226.198
-97.4033 32.1403 226.68
-97.2801 32.1876 227.166
-97.1919 32.219 227.652
-97.0872 32.2616 228.133
-96.9634 32.2987 228.604
-96.8351 32.3376 229.062
-96.6929 32.3735 229.51
-96.4889 32.4284 229.887
-96.2775 32.4769 230.247
-96.0507 32.5132 230.554
-95.818 32.5538 230.871
-95.5916 32.5889 231.195
-95.3423 32.645 231.468
-95.0698 32.6872 231.745
-94.7674 32.7265 231.963
-94.4955 32.7679 232.21
-94.2127 32.8079 232.41
-93.9164 32.8549 232.57
-93.6251 32.9056 232.745
-93.3299 32.9542 232.917
-93.0085 33.0024 233.062
-92.6701 33.0499 233.179
-92.3209 33.088 233.293
-91.9558 33.1388 233.393
-91.5792 33.1934 233.487
-91.1827 33.2283 233.57
-90.7781 33.2615 233.654
-90.3749 33.3147 233.79
-89.937 33.3494 233.84
-89.4916 33.3936 233.939
-89.0287 33.4314 234.031
-88.5493 33.4787 234.135
-88.0496 33.5279 234.221
-87.5315 33.5817 234.306
-87.0045 33.6401 234.428
-86.4512 33.6948 234.544
-85.8821 33.7459 234.653
-85.2669 33.8085 234.747
-84.6487 33.8699 234.859
-84.0183 33.9198 235.012
-83.3659 33.9865 235.143
-82.6953 34.0425 235.245
-82.0115 34.1151 235.361
-81.3172 34.178 235.485
-80.5868 34.2581 235.583
-79.8573 34.3374 235.702
-79.1139 34.4095 235.807
-78.3553 34.4833 235.923
-77.5753 34.5526 236.042
-76.7865 34.6582 236.133
-75.9978 34.7308 236.264
-75.2103 34.8053 236.39
-74.4081 34.8765 236.488
-73.5979 34.9415 236.596
-72.784 35.0145 236.711
-71.9614 35.087 236.838
-71.1366 35.1583 236.959
-70.2992 35.2286 237.059
-69.4559 35.2859 237.156
-68.6037 35.3485 237.293
-67.7418 35.4065 237.408
-66.8757 35.4724 237.53
-66.0081 35.543 237.66
-65.134 35.6126 237.787
-64.251 35.6713 237.934
-63.3694 35.7576 238.045
-62.4788 35.8378 238.169
-61.5993 35.909 238.299
-60.719 35.9888 238.438
-59.8397 36.0537 238.558
-58.9509 36.116 238.674
-58.0686 36.1935 238.82
-57.1831 36.2748 238.965
-56.3131 36.3494 239.102
-55.4546 36.426 239.232
-54.6126 36.4945 239.402
-53.7755 36.5503 239.542
-52.9391 36.6267 239.693
-52.0978 36.7035 239.82
-51.2628 36.7789 239.964
-50.4392 36.8485 240.135
-49.6126 36.9209 240.256
-48.7956 37.0036 240.389
-47.973 37.0688 240.537
-47.157 37.1508 240.697
-46.345 37.2244 240.854
-45.5426 37.2948 241.026
-44.7401 37.3646 241.148
-43.947 37.4387 241.302
-43.1574 37.5241 241.471
-42.3634 37.5892 241.622
-41.5813 37.6861 241.776
-40.8078 37.7583 241.919
-40.0494 37.8356 242.079
-39.305 37.9134 242.232
-38.585 38.0032 242.412
-37.8745 38.0834 242.56
-37.181 38.1377 242.717
-36.4968 38.1891 242.855
-35.8171 38.2459 242.994
-35.1465 38.3061 243.16
-34.473 38.3676 243.301
-33.8011 38.4253 243.447
-33.128 38.4822 243.577
-32.4611 38.53 243.704
-31.8023 38.5786 243.834
-31.1519 38.6349 243.941
-30.5204 38.6864 244.065
-29.908 38.7395 244.181
-29.308 38.7886 244.267
-28.7261 38.8366 244.378
-28.1614 38.8756 244.474
-27.616 38.9196 244.554
-27.0899 38.9592 244.638
-26.5859 38.994 244.714
-26.0994 39.0303 244.772
-25.6285 39.0633 244.837
-25.177 39.0963 244.916
-24.7338 39.1386 244.947
-24.3082 39.1697 244.99
-23.8993 39.2072 245.023
-23.505 39.2376 245.051
-23.1312 39.2927 245.089
-22.7664 39.3171 245.117
-22.4162 39.3512 245.135
-22.0836 39.3585 245.169
-21.7673 39.3718 245.166
-21.4639 39.4002 245.147
-21.1836 39.4309 245.129
-20.9195 39.4578 245.13
-20.684 39.4834 245.108
-20.4683 39.5065 245.085
-20.2736 39.5234 245.064
-20.1033 39.5391 245.036
-19.9388 39.5432 245.037
-19.7806 39.569 244.994
-19.612 39.579 244.966
-19.4488 39.6051 244.926
-19.2903 39.6347 244.897
-19.1285 39.644 244.882
-18.9795 39.6749 244.823
-18.8328 39.698 244.757
-18.6793 39.7223 244.71
-18.5178 39.7368 244.677
-18.3565 39.7745 244.606
-18.1676 39.8045 244.532
-17.9507 39.8265 244.474
-17.7101 39.8519 244.414
-17.4648 39.8907 244.289
-17.219 39.9381 244.137
-16.9686 39.9932 243.975
-16.6967 40.051 243.794
-16.4006 40.0794 243.643
-16.0923 40.124 243.436
-15.8314 40.1849 243.185
-15.559 40.2347 242.927
-15.2754 40.298 242.625
-15.0246 40.3584 242.312
-14.7887 40.4167 241.979
-14.5358 40.4863 241.593
-14.3211 40.5641 241.212
-14.0902 40.6363 240.773
-13.8879 40.7003 240.345
-13.7102 40.7851 239.878
-13.5235 40.8567 239.361
-13.3694 40.9441 238.836
-13.2222 41.0086 238.28
-13.0564 41.0691 237.692
-12.9208 41.1451 237.086
-12.7871 41.2221 236.454
-12.6649 41.3105 235.797
-12.5504 41.3869 235.12
-12.4801 41.4688 234.417
-12.3607 41.5573 233.702
-12.2557 41.6589 232.96
-12.1644 41.7427 232.194
-12.0734 41.8297 231.409
-11.9742 41.93 230.609
-11.8792 42.0015 229.786
-11.8025 42.0768 228.939
-11.7218 42.1746 228.075
-11.633 42.2723 227.194
-11.5301 42.3431 226.295
-11.4259 42.4251 225.377
-11.3337 42.5466 224.448
-11.2346 42.6623 223.497
-11.1096 42.7526 222.533
-10.9835 42.8728 221.553
-10.8342 42.99 220.564
-10.7063 43.0969 219.555
-10.5723 43.1798 218.532
-10.4112 43.2963 217.5
-10.2585 43.4177 216.457
-10.1129 43.5417 215.399
-9.95185 43.662 214.329
-9.79825 43.7979 213.249
-9.67981 43.9223 212.156
-9.51756 44.0118 211.059
-9.36985 44.138 209.958
-9.20137 44.2711 208.851
-9.02834 44.3855 207.737
-8.85219 44.4705 206.616
-8.66786 44.5913 205.492
-8.46621 44.7066 204.368
-8.29597 44.8301 203.239
-8.13044 44.9546 202.102
-7.97954 45.1087 200.96
-7.81397 45.2359 199.816
-7.60026 45.3718 198.671
-7.44502 45.5175 197.514
-7.24713 45.6227 196.358
-7.05151 45.7371 195.199
-6.86971 45.8649 194.031
-6.69621 45.9983 192.858
-6.53968 46.144 191.675
-6.36434 46.2783 190.487
-6.14452 46.3754 189.3
-5.94945 46.483 188.107
-5.79111 46.588 186.896
-5.60944 46.7083 185.684
-5.44093 46.8448 184.469
-5.29994 46.9518 183.237
-5.16465 47.1067 182.01
-4.99454 47.2483 180.772
-4.7817 47.3764 179.536
-4.61587 47.527 178.285
-4.49954 47.6609 177.028
-4.34447 47.83 175.775
-4.14593 47.9488 174.514
-3.9677 48.069 173.248
-3.78891 48.2159 171.978
-3.61058 48.3639 170.7
-3.41068 48.5093 169.422
-3.19201 48.6436 168.149
-3.02003 48.7761 166.868
-2.83235 48.914 165.587
-2.63286 49.0359 164.303
-2.44463 49.1784 163.012
-2.25426 49.32 161.724
-2.08248 49.4646 160.431
-1.89189 49.6094 159.137
-1.70484 49.7231 157.843
-1.51416 49.8658 156.529
-1.33933 50.0008 155.223
-1.14009 50.1268 153.921
-0.948136 50.2739 152.632
-0.773428 50.4227 151.337
-0.5748 50.5596 150.042
-0.332872 50.6895 148.752
-0.141799 50.8178 147.464
0.0855829 50.9811 146.185
0.319667 51.1001 144.898
0.526103 51.2348 143.609
0.749044 51.3442 142.328
0.936443 51.4805 141.056
1.15206 51.597 139.789
1.39314 51.7214 138.53
1.58571 51.8608 137.257
1.79213 51.9815 136.002
1.9914 52.0969 134.753
2.19538 52.2284 133.529
2.39944 52.349 132.305
2.60751 52.4607 131.094
2.8019 52.5885 129.905
2.99918 52.6969 128.734
3.18748 52.8213 127.585
3.38314 52.9307 126.433
3.54713 53.0425 125.307
3.70455 53.1439 124.198
3.86612 53.2568 123.117
4.02958 53.3454 122.045
4.2027 53.4585 120.988
4.37165 53.5639 119.945
4.53508 53.6587 118.932
4.68079 53.7714 117.941
4.85413 53.8631 116.973
5.00425 53.9522 116.02
5.15818 54.0409 115.093
5.30205 54.1275 114.199
5.43542 54.2119 113.326
5.56979 54.2901 112.479
5.68763 54.367 111.642
5.77605 54.4404 110.836
5.88556 54.5062 110.052
6.02209 54.5627 109.303
6.13248 54.6191 108.563
6.25931 54.6959 107.846
6.39204 54.7539 107.161
6.53033 54.8153 106.498
6.69437 54.8708 105.865
6.86362 54.921 105.245
7.06773 54.9682 104.657
7.30082 55.0274 104.105
7.50887 55.0649 103.564
7.77203 55.1016 103.048
8.06008 55.1565 102.561
8.36973 55.1855 102.093
8.68272 55.2225 101.619
9.00686 55.2585 101.179
9.33316 55.2996 100.75
9.70983 55.3251 100.343
10.1457 55.3347 100.025
10.5277 55.3511 99.6565
10.9641 55.3706 99.3362
11.4053 55.3713 99.0594
11.891 55.3557 98.8441
12.3705 55.3523 98.5925
12.8708 55.364 98.3991
13.3971 55.3548 98.2518
13.9096 55.3433 98.0996
14.4381 55.3344 97.9992
14.9556 55.3296 97.8853
15.4815 55.3363 97.8233
16.0096 55.3291 97.8167
16.5425 55.3297 97.8134
17.0744 55.3219 97.8091
17.6106 55.3165 97.8076
18.151 55.3137 97.834
18.6934 55.3244 97.8762
19.2404 55.3457 97.9225
19.8003 55.3712 97.9493
20.3718 55.3811 98.0078
20.9546 55.3753 98.0648
21.5465 55.3985 98.1224
22.1462 55.4185 98.1744
22.7528 55.4374 98.244
23.3761 55.4724 98.2858
24.01 55.5032 98.3343
24.6579 55.5404 98.3921
25.3179 55.5758 98.503
25.9943 55.6067 98.5391
26.6888 55.6444 98.567
27.3943 55.6818 98.6302
28.1174 55.734 98.6879
28.8578 55.7788 98.7705
29.6127 55.8431 98.846
30.3841 55.8975 98.936
31.167 55.9767 99.0513
31.958 56.0276 99.1671
32.7698 56.0974 99.2996
33.5936 56.1654 99.4204
34.4343 56.2297 99.5521
35.28 56.2862 99.6937
36.1142 56.3368 99.9069
36.9581 56.399 100.1
37.8099 56.4175 100.286
38.6632 56.4483 100.469
39.5099 56.4779 100.665
40.3631 56.5058 100.825
41.2075 56.5304 100.975
42.0473 56.5586 101.143
42.8905 56.5956 101.291
43.7324 56.6264 101.428
44.5766 56.6386 101.573
45.419 56.6581 101.683
46.2586 56.6745 101.775
47.0935 56.6962 101.859
47.9283 56.7248 101.953
48.7604 56.7503 102.05
49.6013 56.7771 102.082
50.4414 56.8083 102.12
51.2815 56.8261 102.16
52.1239 56.8515 102.19
52.9701 56.8748 102.227
53.8216 56.9194 102.254
54.6797 56.9632 102.3
55.5438 56.9841 102.385
56.4188 57.0419 102.45
57.3062 57.066 102.488
58.1987 57.1186 102.528
59.0966 57.1503 102.571
59.9938 57.2012 102.645
60.8973 57.24 102.667
61.7988 57.2725 102.678
62.6993 57.2938 102.724
63.6011 57.3214 102.771
64.5003 57.351 102.81
65.3979 57.3687 102.824
66.2908 57.381 102.81
67.1827 57.3934 102.805
68.0737 57.4127 102.763
68.9592 57.45 102.686
69.8405 57.4389 102.609
70.7131 57.4592 102.508
71.5799 57.5102 102.389
72.4443 57.5312 102.264
73.3027 57.5649 102.12
74.1597 57.6 101.971
75.0101 57.6356 101.786
75.8564 57.6724 101.554
76.7169 57.7058 101.325
77.5991 57.7351 101.16
78.468 57.7685 100.951
79.3275 57.787 100.722
80.1891 57.8268 100.516
81.0552 57.8675 100.308
81.9236 57.9178 100.064
82.81 57.9675 99.8512
83.7019 58.0206 99.6368
84.5919 58.0745 99.4118
85.4935 58.1135 99.2054
86.3861 58.1599 98.9395
87.2846 58.2072 98.6904
88.1694 58.2721 98.3853
89.0549 58.3274 98.0572
89.9556 58.3751 97.7668
90.86 58.4301 97.4683
91.7571 58.4996 97.1254
92.6766 58.5706 96.794
93.5963 58.6443 96.433
94.5252 58.71 96.0842
95.4581 58.7715 95.7366
96.3885 58.8435 95.3778
97.315 58.9117 95.0081
98.2393 58.969 94.6394
99.1597 59.0352 94.2719
100.082 59.0918 93.9198
101.002 59.1364 93.5743
101.919 59.1771 93.2187
102.83 59.2265 92.8534
103.731 59.2696 92.4645
104.623 59.3246 92.0705
105.508 59.3623 91.6762
106.377 59.3893 91.2599
107.232 59.4384 90.8244
108.086 59.4643 90.3971
108.926 59.5208 89.9603
109.756 59.5681 89.5065
110.585 59.5951 89.0505
111.398 59.6383 88.5833
112.212 59.6675 88.116
113.006 59.6932 87.6292
113.783 59.7317 87.126
114.553 59.7671 86.6192
115.321 59.8017 86.1277
116.083 59.8594 85.6405
116.816 59.9073 85.1332
117.549 59.9875 84.6551
118.258 60.0359 84.1695
118.965 60.0613 83.7123
119.651 60.0988 83.2666
120.329 60.1333 82.8478
120.993 60.1623 82.4505
121.628 60.1818 82.0515
122.256 60.2183 81.6927
122.859 60.2474 81.3354
123.447 60.2834 80.9755
124.034 60.3159 80.6224
124.615 60.3682 80.2724
125.187 60.4087 79.9118
125.754 60.4589 79.5376
126.338 60.5007 79.1885
126.914 60.5297 78.8237
127.484 60.5609 78.4619
128.039 60.6075 78.0892
128.597 60.6363 77.7289
129.164 60.6781 77.3745
129.741 60.7083 77.0134
130.31 60.7457 76.628
130.896 60.7717 76.2468
131.487 60.8139 75.8661
132.061 60.8474 75.4432
132.673 60.8842 75.0493
133.298 60.9191 74.6598
133.926 60.9506 74.2588
134.556 60.9628 73.8552
135.203 60.9972 73.4741
135.874 61.0273 73.098
136.548 61.0433 72.7153
137.228 61.0498 72.3156
137.924 61.0609 71.9408
138.637 61.0655 71.5819
139.344 61.0834 71.1835
140.079 61.0998 70.7971
140.808 61.0957 70.3719
141.572 61.104 69.989
142.339 61.1119 69.6049
143.118 61.1358 69.2276
143.875 61.1633 68.7839
144.664 61.1821 68.3577
145.455 61.2033 67.9127
146.245 61.213 67.4361
147.056 61.2348 66.9831
147.872 61.2564 66.5236
148.709 61.261 66.0697
149.54 61.286 65.5898
150.387 61.2823 65.1083
151.234 61.2782 64.6324
152.073 61.2698 64.1404
152.903 61.2403 63.6486
153.747 61.2236 63.1819
154.585 61.2029 62.7015
155.435 61.2105 62.2245
156.272 61.2063 61.7232
157.115 61.206 61.2388
157.952 61.2231 60.7531
158.786 61.2404 60.2638
159.619 61.251 59.7818
160.46 61.2747 59.3109
161.305 61.2893 58.8562
162.146 61.3017 58.398
162.982 61.2984 57.9306
163.826 61.2939 57.4953
164.665 61.2917 57.045
165.497 61.2839 56.5889
166.312 61.2861 56.1121
167.129 61.2809 55.6478
167.943 61.2883 55.1886
168.771 61.2917 54.7367
169.603 61.2986 54.287
170.424 61.299 53.8234
171.238 61.291 53.3662
172.039 61.2971 52.9047
172.839 61.2953 52.4646
173.651 61.2912 52.0628
174.443 61.302 51.6321
175.224 61.2981 51.2097
175.972 61.2834 50.7653
176.7 61.2707 50.3428
177.401 61.3011 49.9182
178.096 61.3415 49.4942
178.793 61.3851 49.0883
179.452 61.4136 48.655
180.108 61.4119 48.2714
180.741 61.4069 47.9188
181.34 61.414 47.5635
181.908 61.4195 47.2074
182.468 61.4428 46.87
183.007 61.4614 46.5311
183.54 61.4795 46.2133
184.063 61.4987 45.902
184.585 61.5188 45.6071
185.126 61.5358 45.3713
185.683 61.55 45.1689
186.235 61.5854 44.9541
186.775 61.6178 44.7566
187.338 61.6333 44.6123
187.88 61.6518 44.4747
188.444 61.6614 44.4036
188.999 61.6797 44.3146
189.552 61.7116 44.2411
190.137 61.7403 44.2015
190.725 61.7699 44.1873
191.309 61.7916 44.1763
191.911 61.8035 44.2106
192.511 61.8338 44.2374
193.116 61.8386 44.297
193.737 61.8535 44.3541
194.359 61.851 44.436
194.989 61.8685 44.4903
195.62 61.8732 44.5755
196.263 61.8732 44.6454
196.916 61.8785 44.7294
197.581 61.8895 44.8031
198.256 61.8964 44.855
198.93 61.8813 44.9137
199.606 61.8884 44.9568
200.284 61.874 45.009
200.973 61.877 45.0704
201.677 61.8917 45.081
202.393 61.8923 45.118
203.115 61.8926 45.1324
203.84 61.8828 45.1674
204.563 61.8731 45.1952
205.291 61.8639 45.2089
206.029 61.8644 45.2097
206.775 61.8835 45.2077
207.527 61.8916 45.2422
208.284 61.8795 45.2921
209.045 61.8793 45.316
209.808 61.9095 45.3467
210.571 61.8997 45.3693
211.342 61.8883 45.3916
212.114 61.8871 45.3943
212.883 61.8823 45.4174
213.651 61.9046 45.3942
214.417 61.8924 45.406
215.185 61.9037 45.4381
215.957 61.9011 45.4764
216.738 61.8938 45.5328
217.524 61.9039 45.5476
218.31 61.8979 45.5695
219.097 61.9036 45.5751
219.891 61.9179 45.5326
220.69 61.9181 45.5456
221.497 61.9239 45.5386
222.315 61.919 45.5665
223.135 61.9191 45.5646
223.967 61.9377 45.55
224.802 61.9417 45.5827
225.639 61.954 45.6136
226.48 61.9701 45.6278
227.319 61.9961 45.6183
228.159 62.015 45.6364
229.004 62.0312 45.6929
229.853 62.0577 45.7118
230.7 62.0718 45.7578
231.549 62.0919 45.764
232.388 62.0986 45.7889
233.22 62.1067 45.8047
234.065 62.14 45.82
234.919 62.1586 45.8241
235.777 62.18 45.8134
236.622 62.1741 45.8334
237.462 62.1769 45.879
238.303 62.192 45.9188
239.153 62.1818 45.9583
240.014 62.1867 46.0081
240.879 62.1867 46.0282
241.746 62.1877 46.0287
242.601 62.2221 46.1281
243.462 62.2375 46.1413
244.332 62.2508 46.1642
245.212 62.2779 46.184
246.101 62.2939 46.2061
246.988 62.3179 46.2381
247.875 62.3328 46.2742
248.762 62.3539 46.3356
249.655 62.3769 46.3696
250.549 62.3815 46.4009
251.443 62.3955 46.4686
252.343 62.4065 46.4759
253.247 62.4177 46.4909
254.145 62.4218 46.5263
255.035 62.46 46.5995
255.935 62.4804 46.6054
256.843 62.4867 46.6212
257.751 62.5124 46.6417
258.656 62.5192 46.7021
259.552 62.523 46.7282
260.445 62.5095 46.7473
261.337 62.5084 46.7981
262.225 62.5058 46.7469
263.121 62.5112 46.7841
264.009 62.5125 46.6807
264.894 62.5119 46.6805
265.769 62.5122 46.6909
266.64 62.5237 46.7286
267.519 62.512 46.757
268.398 62.5185 46.7982
269.265 62.5093 46.8043
270.118 62.5147 46.8407
270.973 62.5197 46.8618
271.833 62.512 46.8969
272.691 62.5128 46.9269
273.54 62.5012 46.9805
274.373 62.5077 46.9922
275.195 62.5221 47.026
276.005 62.5395 47.0648
276.808 62.5418 47.0921
277.599 62.558 47.107
278.379 62.5745 47.1374
279.145 62.5731 47.1612
279.887 62.5761 47.1711
280.612 62.5736 47.2112
281.329 62.575 47.2411
282.037 62.5846 47.269
282.743 62.5953 47.269
283.428 62.6165 47.2802
283.999 62.6304 47.2937
284.571 62.6308 47.2941
285.142 62.6428 47.2848
285.712 62.6544 47.2559
286.283 62.6684 47.2585
286.852 62.695 47.2247
287.421 62.7169 47.1826
287.99 62.7385 47.16
288.559 62.7624 47.1239
289.124 62.7864 47.0575
289.684 62.8171 46.9528
290.248 62.8575 46.8877
290.796 62.8978 46.7393
291.361 62.9299 46.6792
291.923 62.9685 46.5905
292.484 63.0004 46.5129
292.885 63.0097 46.4629
293.264 63.0187 46.3979
293.621 63.0472 46.369
293.958 63.0673 46.3284
294.275 63.0865 46.2975
294.577 63.0982 46.282
294.859 63.0949 46.2754
295.13 63.1037 46.2735
295.388 63.1236 46.2748
295.643 63.1233 46.2872
295.898 63.1021 46.2983
296.155 63.1125 46.3255
296.394 63.1218 46.3581
296.648 63.1336 46.4208
296.908 63.1467 46.4601
297.133 63.155 46.5352
297.379 63.1573 46.6224
297.63 63.1576 46.7153
297.858 63.1577 46.7937
298.108 63.1549 46.9233
298.337 63.1495 47.0274
298.596 63.1564 47.1906
298.847 63.1688 47.373
299.091 63.1897 47.5212
299.341 63.1985 47.7593
299.591 63.2248 48.0023
299.895 63.2459 48.3625
300.145 63.2526 48.7597
300.407 63.2913 49.1462
300.623 63.2928 49.558
300.821 63.3024 49.9784
301.002 63.3083 50.4037
301.141 63.3112 50.8414
301.258 63.3219 51.2839
301.358 63.3328 51.7286
301.439 63.3393 52.1748
301.516 63.3441 52.6191
301.584 63.3715 53.0617
301.678 63.3847 53.4972
301.756 63.3869 53.9341
301.813 63.39 54.3706
301.86 63.4081 54.8073
301.918 63.4188 55.4321
301.935 63.4268 56.0699
301.944 63.3968 56.7222
301.907 63.4171 57.3915
301.91 63.4666 58.0793
301.889 63.4754 58.7997
301.882 63.4838 59.5499
301.878 63.5126 60.3096
301.848 63.5291 61.0776
301.797 63.5369 61.8687
301.742 63.5726 62.6881
301.679 63.5723 63.5214
301.627 63.5864 64.3739
301.596 63.5974 65.2382
301.524 63.6286 66.1174
301.493 63.6465 67.0099
301.459 63.6637 67.9185
301.404 63.6838 68.8463
301.383 63.7116 69.7766
301.356 63.7338 70.7104
301.338 63.7376 71.6468
301.303 63.7442 72.5949
301.257 63.7476 73.5474
301.239 63.7592 74.5177
301.21 63.7638 75.4992
301.198 63.7721 76.492
301.184 63.7809 77.483
301.152 63.7881 78.4779
301.128 63.8014 79.4643
